800    2.100000    3.100000
960    2.083333    3.000000
1152    2.083333    3.055556
1376    2.034884    3.197674
1648    2.038835    3.058252
1976    2.024291    3.036437
2368    2.027027    3.074324
2840    2.000000    3.070423
3408    2.018779    3.051643
4088    2.035225    3.072407
4904    2.022838    3.066884
5880    2.000000    3.061224
7056    1.995465    3.061224
8464    1.994329    3.137996
10152    2.001576    3.073286
12176    2.141919    3.055191
14608    1.993428    3.088719
17528    2.008215    3.112734
21032    2.027387    3.198935
25232    2.079899    3.243500
30272    2.288584    3.163319
36320    1.991189    3.361233
43584    2.125551    3.661894
52296    2.016215    3.972770
62752    2.011729    4.238909
75296    2.011262    4.390140
90352    2.043563    4.514787
108416    2.336924    5.671488
130096    2.329972    5.830771
156112    2.236856    5.503228
187328    2.104544    5.215237
224792    1.926047    5.548596
269744    2.013761    5.422920
323688    1.892687    6.586095
388424    1.884950    7.677178
466104    1.879237    8.745688
559320    1.903740    9.506401
671184    1.898257    10.192615
805416    1.886131    10.818757
966496    1.895010    11.276777
1159792    1.883786    11.649468
1391744    1.897131    12.044054
1670088    1.914246    12.377599
2004104    1.887926    12.601023
2404920    1.893651    12.953146
2885904    1.947397    13.341677
3463080    2.008894    15.289118
4155696    2.028426    15.731719
4986832    1.913150    15.332732
5984192    2.218672    29.569426
7181024    1.969502    25.744941
8617224    2.200439    41.706916
10340664    1.998672    41.913293
12408792    1.985605    43.176941
14890544    1.954212    47.259614
